Moves | Time:
1244 4264
1130 4834
986 5665
1243 4269
990 5641
1123 4869
1249 4239
1132 4824
1127 4849
1243 4269
1132 4824
986 5665
1246 4254
990 5641
1128 4844
1246 4254
991 5635
787 7004
1247 4249
1132 4824
986 5665
1245 4259
991 5635
1126 4854
1245 4259
990 5641
985 5671
1246 4254
991 5635
1128 4844
762 7204
988 5653
1127 4849
1244 4264
988 5653
1118 4894
1228 4344
1132 4824
987 5659
1248 4244
1131 4829
986 5665
1246 4254
707 7644
983 5683
1242 4274
1131 4829
986 5665
1246 4254
1131 4829
1128 4844
1241 4279
702 7684
985 5671
1250 4234
1130 4834
840 6632
1244 4264
1131 4829
1127 4849
1230 4334
990 5641
1126 4854
1248 4244
1131 4829
1127 4849
1247 4249
1131 4829
1127 4849
1247 4249
1129 4839
1127 4849
1246 4254
1132 4824
1126 4854
1250 4234
1132 4824
1125 4859
1242 4274
1131 4829
987 5659
1243 4269
989 5647
1127 4849
1244 4264
1132 4824
986 5665
1246 4254
1130 4834
1128 4844
1246 4254
1131 4829
1127 4849
765 7180
1128 4844
1128 4844
1242 4274
990 5641
985 5671
1229 4339
