Moves | Time:
1266 4154
1277 4099
1272 4124
1277 4099
1272 4124
1272 4124
1276 4104
1277 4099
1273 4119
1274 4114
1275 4109
1277 4099
1275 4109
1276 4104
1277 4099
1270 4134
1276 4104
1274 4114
1275 4109
1268 4144
1277 4099
1276 4104
1273 4119
1277 4099
1279 4089
1276 4104
1278 4094
1273 4119
1273 4119
1267 4149
1277 4099
1273 4119
1274 4114
1274 4114
1277 4099
1273 4119
1272 4124
1275 4109
1275 4109
1274 4114
1265 4159
1270 4134
1276 4104
1272 4124
1274 4114
1274 4114
1277 4099
1273 4119
1277 4099
1276 4104
1273 4119
1275 4109
1254 4214
1275 4109
1274 4114
1278 4094
1272 4124
1245 4259
1278 4094
1273 4119
1274 4114
1276 4104
1274 4114
1276 4104
1280 4084
1277 4099
1272 4124
1277 4099
1275 4109
1274 4114
1273 4119
1274 4114
1277 4099
1271 4129
1272 4124
1274 4114
1276 4104
1275 4109
1275 4109
1275 4109
1275 4109
1277 4099
1274 4114
1275 4109
1276 4104
1273 4119
1238 4294
1276 4104
1277 4099
1275 4109
1274 4114
1274 4114
1277 4099
1274 4114
1276 4104
1273 4119
1273 4119
1275 4109
1274 4114
1276 4104
