Moves | Time:
897 6233
1182 4574
996 5605
1246 4254
1000 5581
855 6527
1250 4234
1141 4779
1138 4794
1251 4229
1002 5569
1140 4784
1247 4249
1146 4754
1141 4779
1248 4244
1140 4784
1138 4794
1247 4249
1142 4774
1139 4789
1248 4244
1144 4764
996 5605
1219 4389
1140 4784
995 5611
802 6898
1140 4784
995 5611
1255 4209
999 5587
1139 4789
1245 4259
1001 5575
854 6534
1250 4234
1000 5581
1140 4784
1247 4249
950 5881
1044 5317
1252 4224
1142 4774
1135 4809
1247 4249
1143 4769
998 5593
1251 4229
1143 4769
1140 4784
1247 4249
1143 4769
1137 4799
1247 4249
858 6506
1140 4784
1251 4229
1142 4774
1138 4794
1244 4264
1144 4764
1138 4794
1247 4249
1144 4764
996 5605
1252 4224
999 5587
1023 5443
1248 4244
1142 4774
1140 4784
1196 4504
1000 5581
1136 4804
1180 4584
999 5587
1140 4784
1249 4239
1140 4784
1136 4804
1243 4269
999 5587
1139 4789
1251 4229
1001 5575
1138 4794
1250 4234
999 5587
1137 4799
996 5605
1142 4774
1251 4229
1241 4279
1145 4759
1139 4789
1246 4254
1141 4779
996 5605
1249 4239
