Moves | Time:
350 11128
469 9825
470 9815
233 12577
235 12551
469 9825
234 12564
471 9805
470 9815
235 12551
234 12564
234 12564
235 12551
469 9825
232 12590
470 9815
470 9815
235 12551
470 9815
236 12538
232 12590
469 9825
235 12551
466 9855
470 9815
470 9815
470 9815
234 12564
469 9825
231 12603
469 9825
470 9815
234 12564
470 9815
469 9825
470 9815
235 12551
234 12564
470 9815
469 9825
235 12551
234 12564
470 9815
233 12577
470 9815
235 12551
469 9825
470 9815
470 9815
234 12564
470 9815
235 12551
471 9805
468 9835
469 9825
232 12590
235 12551
470 9815
469 9825
231 12603
469 9825
235 12551
233 12577
470 9815
469 9825
469 9825
230 12616
236 12538
232 12590
235 12551
235 12551
234 12564
234 12564
233 12577
235 12551
235 12551
470 9815
470 9815
231 12603
470 9815
235 12551
470 9815
470 9815
234 12564
234 12564
231 12603
235 12551
470 9815
706 7652
471 9805
469 9825
468 9835
471 9805
471 9805
236 12538
470 9815
469 9825
470 9815
470 9815
471 9805
