Moves | Time:
424 10303
704 7668
468 9835
462 9895
697 7724
470 9815
467 9845
469 9825
470 9815
1052 5269
352 11104
938 5953
1169 4639
471 9805
469 9825
1120 4884
1058 5233
1051 5275
1181 4579
960 5821
1047 5299
584 8707
1166 4654
1230 4334
1048 5293
1142 4774
782 7044
1107 4949
998 5593
700 7700
1041 5335
1172 4624
1063 5203
466 9855
1105 4959
997 5599
1048 5293
949 5887
335 11308
928 6016
705 7660
468 9835
234 12564
1085 5071
1015 5491
468 9835
703 7676
1244 4264
1086 5065
1136 4804
1054 5257
1251 4229
781 7052
1030 5401
1078 5113
1204 4464
1056 5245
537 9145
470 9815
468 9835
1149 4739
493 9585
470 9815
937 5959
701 7692
1172 4624
470 9815
1043 5323
1243 4269
757 7244
1138 4794
502 9495
702 7684
1052 5269
1050 5281
1023 5443
602 8545
1247 4249
628 8311
1061 5215
1185 4559
563 8896
1039 5347
824 6744
1170 4634
1024 5437
1083 5083
1250 4234
388 10699
471 9805
471 9805
1176 4604
1078 5113
1241 4279
732 7444
936 5965
702 7684
1095 5011
545 9065
469 9825
