Moves | Time:
1250 4234
1145 4759
1142 4774
1254 4214
1144 4764
1141 4779
1254 4214
1145 4759
1141 4779
1246 4254
857 6513
1139 4789
1255 4209
1144 4764
1141 4779
1253 4219
1145 4759
1141 4779
1260 4184
1145 4759
1141 4779
917 6093
1141 4779
1137 4799
1255 4209
1145 4759
1141 4779
1258 4194
1002 5569
1141 4779
1254 4214
1144 4764
1141 4779
1253 4219
1144 4764
1138 4794
1255 4209
1144 4764
1141 4779
1255 4209
1002 5569
998 5593
1257 4199
1144 4764
1141 4779
1253 4219
1145 4759
803 6891
1260 4184
1145 4759
1140 4784
1246 4254
1144 4764
1141 4779
1256 4204
1145 4759
1141 4779
1257 4199
1144 4764
1141 4779
1258 4194
1145 4759
1141 4779
1253 4219
1144 4764
1141 4779
1214 4414
1145 4759
1141 4779
1253 4219
1145 4759
1141 4779
1258 4194
1145 4759
1141 4779
1252 4224
1144 4764
1142 4774
1255 4209
1144 4764
1142 4774
1256 4204
1145 4759
1141 4779
1251 4229
1143 4769
1142 4774
1253 4219
1146 4754
1141 4779
1253 4219
1145 4759
1142 4774
1257 4199
1146 4754
1140 4784
1258 4194
1144 4764
1140 4784
1252 4224
