Moves | Time:
837 6653
1087 5059
1035 5371
1189 4539
1078 5113
808 6856
1197 4499
806 6870
1066 5185
1162 4674
1069 5167
806 6870
1190 4534
935 5971
1095 5011
1198 4494
941 5935
1070 5161
1116 4904
1075 5131
1074 5137
911 6135
999 5587
1014 5497
1145 4759
1074 5137
957 5839
806 6870
1027 5419
850 6562
962 5809
1133 4819
960 5821
982 5689
1097 4999
965 5791
1204 4464
847 6583
1126 4854
1127 4849
990 5641
1130 4834
1225 4359
881 6345
878 6366
927 6023
1107 4949
958 5833
1057 5239
1132 4824
844 6604
1171 4629
1090 5041
963 5803
1169 4639
1064 5197
1017 5479
1238 4294
1085 5071
1069 5167
967 5779
898 6226
1051 5275
1117 4899
738 7396
1001 5575
983 5683
353 11092
873 6401
1121 4879
1019 5467
933 5983
837 6653
1246 4254
990 5641
961 5815
1148 4744
1085 5071
983 5683
1190 4534
989 5647
974 5737
1188 4544
1072 5149
684 7828
1197 4499
967 5779
1060 5221
886 6310
951 5875
821 6765
928 6016
1007 5539
800 6912
709 7628
1110 4934
987 5659
1175 4609
794 6954
985 5671
