Moves | Time:
1182 4574
1079 5107
1090 5041
991 5635
1093 5023
1046 5305
1202 4474
784 7028
908 6156
1149 4739
761 7212
1094 5017
1080 5101
958 5833
952 5869
1166 4654
398 10589
988 5653
715 7580
991 5635
520 9315
970 5761
956 5845
1097 4999
1092 5029
762 7204
1084 5077
891 6275
952 5869
738 7396
951 5875
1187 4549
952 5869
786 7012
858 6506
815 6807
1039 5347
978 5713
948 5893
1074 5137
1152 4724
1039 5347
784 7028
1209 4439
1096 5005
887 6303
979 5707
1074 5137
956 5845
972 5749
1061 5215
1070 5161
1118 4894
920 6072
813 6821
952 5869
792 6968
1078 5113
1125 4859
996 5605
1051 5275
1086 5065
1040 5341
907 6163
1150 4734
263 12187
1039 5347
1144 4764
1039 5347
930 6002
927 6023
820 6772
1010 5521
1007 5539
1016 5485
974 5737
1202 4474
1036 5365
950 5881
1187 4549
958 5833
1070 5161
1214 4414
952 5869
930 6002
948 5893
1043 5323
1037 5359
1051 5275
1096 5005
1046 5305
982 5689
1087 5059
948 5893
887 6303
1022 5449
963 5803
1048 5293
1035 5371
1063 5203
