Moves | Time:
446 10061
471 9805
470 9815
470 9815
470 9815
707 7644
470 9815
707 7644
706 7652
707 7644
706 7652
470 9815
472 9795
706 7652
470 9815
470 9815
470 9815
473 9785
471 9805
470 9815
471 9805
707 7644
471 9805
707 7644
706 7652
470 9815
470 9815
469 9825
470 9815
470 9815
473 9785
470 9815
706 7652
680 7860
707 7644
471 9805
471 9805
470 9815
471 9805
471 9805
471 9805
471 9805
471 9805
705 7660
470 9815
470 9815
469 9825
469 9825
470 9815
469 9825
470 9815
471 9805
470 9815
469 9825
470 9815
471 9805
469 9825
470 9815
469 9825
470 9815
469 9825
470 9815
469 9825
470 9815
470 9815
469 9825
469 9825
470 9815
470 9815
470 9815
471 9805
470 9815
470 9815
469 9825
470 9815
470 9815
470 9815
471 9805
471 9805
236 12538
470 9815
706 7652
472 9795
470 9815
470 9815
708 7636
471 9805
707 7644
471 9805
471 9805
707 7644
471 9805
706 7652
470 9815
708 7636
471 9805
471 9805
470 9815
705 7660
470 9815
