Moves | Time:
917 6093
599 8572
670 7940
484 9675
705 7660
702 7684
931 5995
929 6009
470 9815
706 7652
939 5947
1002 5569
489 9625
975 5731
1056 5245
612 8455
470 9815
1004 5557
821 6765
975 5731
410 10457
461 9905
468 9835
469 9825
971 5755
959 5827
1002 5569
909 6149
469 9825
703 7676
469 9825
1004 5557
1246 4254
1057 5239
1244 4264
1047 5299
1241 4279
583 8716
469 9825
1004 5557
1237 4299
979 5707
918 6086
614 8437
950 5881
974 5737
981 5695
1083 5083
1162 4674
428 10259
629 8302
466 9855
467 9845
1241 4279
976 5725
971 5755
444 10083
984 5677
615 8428
466 9855
1004 5557
405 10512
1003 5563
628 8311
470 9815
1245 4259
950 5881
707 7644
470 9815
965 5791
972 5749
1042 5329
469 9825
1250 4234
722 7524
977 5719
803 6891
1002 5569
346 11176
1003 5563
1220 4384
1080 5101
330 11368
802 6898
975 5731
408 10479
988 5653
603 8536
866 6450
674 7908
912 6128
336 11296
468 9835
1002 5569
1042 5329
1023 5443
1039 5347
971 5755
755 7260
469 9825
