Moves | Time:
649 8122
1148 4744
1066 5185
916 6100
1071 5155
731 7452
749 7308
799 6919
904 6184
1169 4639
1024 5437
863 6471
789 6989
602 8545
6 15904
536 9155
675 7900
1169 4639
668 7956
1056 5245
1116 4904
964 5797
1002 5569
1166 4654
936 5965
850 6562
1169 4639
762 7204
706 7652
738 7396
977 5719
876 6380
629 8302
609 8482
710 7620
581 8734
805 6877
677 7884
596 8599
676 7892
844 6604
574 8797
961 5815
1164 4664
817 6793
875 6387
1164 4664
908 6156
567 8860
695 7740
818 6786
587 8680
754 7268
741 7372
793 6961
1061 5215
1059 5227
1170 4634
1069 5167
562 8905
1169 4639
936 5965
578 8761
1140 4784
577 8770
706 7652
839 6639
676 7892
715 7580
116 14197
1104 4964
822 6758
685 7820
1115 4909
1167 4649
555 8968
920 6072
1172 4624
841 6625
917 6093
721 7532
651 8104
961 5815
677 7884
848 6576
747 7324
583 8716
779 7068
1001 5575
612 8455
827 6723
758 7236
456 9955
749 7308
717 7564
726 7492
1165 4659
776 7092
643 8176
1166 4654
