Moves | Time:
425 10292
469 9825
469 9825
940 5941
706 7652
468 9835
940 5941
947 5899
706 7652
469 9825
471 9805
470 9815
470 9815
709 7628
711 7612
709 7628
711 7612
710 7620
947 5899
709 7628
945 5911
947 5899
710 7620
945 5911
947 5899
709 7628
946 5905
710 7620
712 7604
50 15200
878 6366
948 5893
711 7612
473 9785
709 7628
472 9795
942 5929
710 7620
471 9805
710 7620
946 5905
526 9255
636 8239
706 7652
941 5935
472 9795
468 9835
706 7652
705 7660
943 5923
472 9795
470 9815
708 7636
471 9805
472 9795
471 9805
472 9795
471 9805
471 9805
472 9795
470 9815
471 9805
471 9805
471 9805
943 5923
707 7644
709 7628
942 5929
471 9805
471 9805
471 9805
471 9805
707 7644
710 7620
471 9805
471 9805
470 9815
471 9805
471 9805
470 9815
472 9795
470 9815
470 9815
472 9795
471 9805
706 7652
471 9805
470 9815
471 9805
471 9805
469 9825
472 9795
472 9795
707 7644
705 7660
708 7636
471 9805
471 9805
471 9805
472 9795
