Moves | Time:
751 7292
1041 5335
704 7668
508 9435
558 8941
868 6436
885 6317
737 7404
905 6177
513 9385
752 7284
1055 5251
746 7332
1044 5317
972 5749
731 7452
678 7876
734 7428
765 7180
1079 5107
808 6856
1201 4479
766 7172
1142 4774
787 7004
928 6016
752 7284
839 6639
805 6877
636 8239
817 6793
895 6247
783 7036
1077 5119
880 6352
893 6261
707 7644
756 7252
780 7060
886 6310
923 6051
958 5833
1127 4849
1050 5281
875 6387
754 7268
849 6569
1019 5467
1055 5251
758 7236
669 7948
717 7564
639 8212
761 7212
643 8176
476 9755
655 8068
683 7836
777 7084
162 13539
760 7220
1108 4944
1206 4454
836 6660
669 7948
738 7396
995 5611
1099 4989
1127 4849
1201 4479
759 7228
859 6499
756 7252
622 8365
830 6702
802 6898
745 7340
785 7020
670 7940
883 6331
774 7108
661 8014
732 7444
1114 4914
665 7980
808 6856
765 7180
699 7708
1156 4704
1092 5029
497 9545
797 6933
1184 4564
1072 5149
909 6149
1017 5479
1198 4494
1151 4729
937 5959
750 7300
