Moves | Time:
1042 5329
591 8644
1215 4409
1231 4329
1111 4929
1004 5557
1002 5569
840 6632
1005 5551
1249 4239
747 7324
1002 5569
1045 5311
943 5923
1246 4254
766 7172
999 5587
1005 5551
1002 5569
976 5725
1003 5563
1088 5053
932 5989
1108 4944
772 7124
949 5887
1242 4274
765 7180
941 5935
937 5959
942 5929
1177 4599
1173 4619
707 7644
853 6541
1003 5563
813 6821
1003 5563
1082 5089
1177 4599
1002 5569
878 6366
1090 5041
943 5923
1003 5563
1176 4604
941 5935
943 5923
1003 5563
1013 5503
1177 4599
1005 5551
936 5965
1005 5551
1040 5341
944 5917
943 5923
917 6093
945 5911
1005 5551
1062 5209
1178 4594
942 5929
1005 5551
1120 4884
936 5965
1019 5467
941 5935
705 7660
1123 4869
708 7636
942 5929
1245 4259
1246 4254
1190 4534
944 5917
1180 4584
1004 5557
1005 5551
1245 4259
1002 5569
821 6765
924 6044
1004 5557
1005 5551
1211 4429
1102 4974
1206 4454
912 6128
944 5917
1014 5497
943 5923
941 5935
1177 4599
999 5587
1005 5551
883 6331
1136 4804
1245 4259
995 5611
