Moves | Time:
302 11704
1136 4804
467 9845
948 5893
1129 4839
712 7604
469 9825
1010 5521
885 6317
459 9925
948 5893
841 6625
471 9805
474 9775
472 9795
1047 5299
1007 5539
497 9545
474 9775
671 7932
583 8716
1003 5563
1112 4924
946 5905
457 9945
856 6520
710 7620
947 5899
713 7596
949 5887
950 5881
951 5875
896 6240
979 5707
996 5605
773 7116
879 6359
951 5875
1189 4539
916 6100
952 5869
710 7620
950 5881
953 5863
1135 4809
952 5869
1184 4564
934 5977
1181 4579
919 6079
932 5989
1145 4759
887 6303
714 7588
1045 5311
613 8446
1170 4634
926 6030
948 5893
1151 4729
1188 4544
948 5893
950 5881
948 5893
1181 4579
714 7588
919 6079
1182 4574
939 5947
1191 4529
883 6331
953 5863
949 5887
838 6646
934 5977
1189 4539
470 9815
1174 4614
952 5869
940 5941
952 5869
951 5875
664 7988
947 5899
1169 4639
1168 4644
946 5905
948 5893
935 5971
1187 4549
714 7588
943 5923
1184 4564
647 8140
951 5875
925 6037
950 5881
952 5869
980 5701
1087 5059
