Moves | Time:
224 12694
2 15968
195 13077
424 10303
379 10798
230 12616
278 11992
507 9445
594 8617
201 12993
181 13273
423 10314
1 15984
351 11116
336 11296
624 8347
4 15936
53 15152
19 15696
5 15920
475 9765
294 11800
548 9035
4 15936
1 15984
44 15296
18 15712
10 15840
288 11872
277 12005
4 15936
4 15936
5 15920
46 15264
88 14617
618 8401
496 9555
287 11884
306 11656
315 11548
13 15792
3 15952
620 8383
289 11860
558 8941
246 12408
441 10116
385 10732
18 15712
14 15776
1 15984
614 8437
958 5833
345 11188
138 13875
226 12668
6 15904
404 10523
115 14212
69 14902
1 15984
3 15952
1 15984
403 10534
55 15120
2 15968
3 15952
212 12850
43 15312
465 9865
146 13763
33 15472
286 11896
263 12187
54 15136
1 15984
2 15968
9 15856
6 15904
3 15952
2 15968
14 15776
271 12083
175 13357
53 15152
310 11608
359 11020
575 8788
610 8473
397 10600
261 12213
768 7156
87 14632
222 12720
56 15104
201 12993
762 7204
134 13931
28 15552
32 15488
