Moves | Time:
929 6009
1167 4649
886 6310
1112 4924
815 6807
706 7652
941 5935
936 5965
1171 4629
705 7660
1116 4904
1237 4299
1176 4604
1142 4774
984 5677
893 6261
1132 4824
1036 5365
1062 5209
1059 5227
944 5917
1052 5269
1140 4784
1111 4929
1150 4734
971 5755
1251 4229
632 8275
942 5929
940 5941
709 7628
942 5929
942 5929
706 7652
708 7636
1179 4589
943 5923
943 5923
705 7660
942 5929
942 5929
941 5935
941 5935
942 5929
705 7660
938 5953
942 5929
940 5941
942 5929
944 5917
1062 5209
1061 5215
944 5917
1105 4959
1142 4774
818 6786
1247 4249
1110 4934
946 5905
1041 5335
1119 4889
665 7980
1033 5383
1090 5041
706 7652
1179 4589
942 5929
944 5917
1180 4584
1139 4789
983 5683
1152 4724
972 5749
1179 4589
1058 5233
1063 5203
944 5917
1181 4579
1136 4804
749 7308
1046 5305
1076 5125
707 7644
943 5923
1171 4629
949 5887
942 5929
1076 5125
1043 5323
1178 4594
1128 4844
995 5611
943 5923
1081 5095
805 6877
1173 4619
1135 4809
760 7220
1062 5209
1060 5221
