Moves | Time:
1005 5551
763 7196
977 5719
1008 5533
981 5695
977 5719
972 5749
847 6583
987 5659
991 5635
921 6065
957 5839
849 6569
967 5779
956 5845
849 6569
988 5653
957 5839
849 6569
985 5671
958 5833
954 5857
957 5839
849 6569
991 5635
851 6555
849 6569
969 5767
853 6541
955 5851
977 5719
959 5827
956 5845
853 6541
956 5845
941 5935
957 5839
957 5839
959 5827
955 5851
853 6541
955 5851
989 5647
959 5827
957 5839
853 6541
957 5839
989 5647
853 6541
956 5845
992 5629
854 6534
957 5839
988 5653
854 6534
957 5839
990 5641
960 5821
850 6562
990 5641
961 5815
957 5839
960 5821
958 5833
960 5821
957 5839
959 5827
851 6555
977 5719
757 7244
945 5911
989 5647
961 5815
957 5839
854 6534
851 6555
982 5689
853 6541
956 5845
991 5635
966 5785
977 5719
961 5815
957 5839
960 5821
850 6562
991 5635
959 5827
849 6569
985 5671
852 6548
956 5845
624 8347
959 5827
956 5845
852 6548
956 5845
989 5647
853 6541
957 5839
