Moves | Time:
6 15904
70 14887
3 15952
4 15936
8 15872
76 14797
8 15872
264 12174
4 15936
38 15392
52 15168
26 15584
7 15888
34 15456
3 15952
5 15920
1 15984
6 15904
3 15952
1 15984
5 15920
15 15760
76 14797
178 13315
3 15952
2 15968
6 15904
3 15952
3 15952
10 15840
31 15504
2 15968
2 15968
8 15872
4 15936
7 15888
279 11980
91 14572
3 15952
1 15984
1 15984
5 15920
12 15808
4 15936
12 15808
9 15856
3 15952
12 15808
5 15920
7 15888
11 15824
2 15968
3 15952
3 15952
4 15936
13 15792
23 15632
5 15920
2 15968
2 15968
46 15264
141 13833
8 15872
3 15952
460 9915
1 15984
3 15952
199 13021
283 11932
2 15968
1 15984
1 15984
10 15840
5 15920
51 15184
4 15936
11 15824
2 15968
3 15952
8 15872
2 15968
3 15952
7 15888
2 15968
2 15968
37 15408
78 14767
31 15504
2 15968
3 15952
21 15664
5 15920
31 15504
33 15472
20 15680
2 15968
14 15776
4 15936
2 15968
3 15952
