Moves | Time:
827 6723
709 7628
1106 4954
1022 5449
947 5899
944 5917
944 5917
945 5911
471 9805
944 5917
472 9795
945 5911
944 5917
945 5911
708 7636
709 7628
1183 4569
1164 4664
967 5779
710 7620
947 5899
943 5923
947 5899
947 5899
709 7628
1185 4559
709 7628
709 7628
277 12005
884 6324
709 7628
946 5905
944 5917
471 9805
472 9795
945 5911
941 5935
708 7636
473 9785
868 6436
1020 5461
945 5911
708 7636
708 7636
707 7644
709 7628
708 7636
709 7628
1118 4894
1015 5491
946 5905
944 5917
709 7628
709 7628
945 5911
947 5899
753 7276
1116 4904
946 5905
945 5911
1150 4734
741 7372
709 7628
708 7636
945 5911
472 9795
945 5911
471 9805
471 9805
708 7636
710 7620
914 6114
975 5731
707 7644
1045 5311
1082 5089
710 7620
947 5899
947 5899
709 7628
946 5905
946 5905
709 7628
473 9785
947 5899
710 7620
945 5911
947 5899
946 5905
709 7628
888 6296
764 7188
946 5905
947 5899
946 5905
472 9795
710 7620
709 7628
945 5911
946 5905
