Moves | Time:
1 15984
1 15984
1 15984
4 15936
2 15968
3 15952
1 15984
23 15632
2 15968
1 15984
1 15984
3 15952
2 15968
49 15216
1 15984
25 15600
2 15968
1 15984
1 15984
2 15968
1 15984
2 15968
94 14527
2 15968
1 15984
25 15600
2 15968
22 15648
2 15968
4 15936
2 15968
46 15264
1 15984
4 15936
2 15968
1 15984
2 15968
1 15984
2 15968
1 15984
70 14887
2 15968
1 15984
1 15984
2 15968
24 15616
2 15968
1 15984
4 15936
48 15232
2 15968
2 15968
1 15984
96 14497
2 15968
3 15952
2 15968
18 15712
2 15968
1 15984
59 15056
1 15984
4 15936
2 15968
140 13847
2 15968
1 15984
1 15984
6 15904
1 15984
56 15104
8 15872
6 15904
90 14587
1 15984
6 15904
2 15968
45 15280
2 15968
1 15984
1 15984
53 15152
6 15904
4 15936
2 15968
40 15360
1 15984
4 15936
30 15520
1 15984
4 15936
29 15536
1 15984
4 15936
29 15536
21 15664
41 15344
2 15968
3 15952
2 15968
