Moves | Time:
6 15904
10 15840
4 15936
6 15904
4 15936
47 15248
16 15744
3 15952
2 15968
3 15952
13 15792
2 15968
320 11488
18 15712
152 13679
58 15072
1 15984
1 15984
1 15984
1 15984
12 15808
13 15792
42 15328
71 14872
3 15952
21 15664
4 15936
27 15568
3 15952
2 15968
50 15200
2 15968
4 15936
5 15920
5 15920
5 15920
302 11704
8 15872
122 14107
12 15808
286 11896
3 15952
570 8833
1 15984
146 13763
311 11596
26 15584
123 14092
14 15776
131 13973
7 15888
10 15840
31 15504
25 15600
9 15856
3 15952
18 15712
6 15904
8 15872
4 15936
3 15952
8 15872
6 15904
3 15952
1 15984
1 15984
2 15968
1 15984
2 15968
1 15984
5 15920
5 15920
3 15952
3 15952
3 15952
4 15936
3 15952
12 15808
1 15984
24 15616
40 15360
3 15952
10 15840
2 15968
46 15264
3 15952
30 15520
3 15952
27 15568
96 14497
2 15968
2 15968
61 15024
2 15968
2 15968
85 14662
12 15808
13 15792
13 15792
11 15824
