Moves | Time:
918 6086
1032 5389
1159 4689
1191 4529
1178 4594
1175 4609
695 7740
1013 5503
1248 4244
991 5635
932 5989
927 6023
936 5965
1228 4344
1104 4964
942 5929
1071 5155
1249 4239
938 5953
938 5953
1248 4244
1249 4239
1242 4274
1183 4569
1253 4219
1075 5131
1166 4654
1019 5467
858 6506
935 5971
1166 4654
814 6814
1039 5347
941 5935
935 5971
942 5929
945 5911
946 5905
1248 4244
1245 4259
997 5599
932 5989
1164 4664
1004 5557
853 6541
842 6618
1028 5413
1170 4634
942 5929
940 5941
945 5911
1155 4709
926 6030
1159 4689
928 6016
937 5959
926 6030
886 6310
1050 5281
963 5803
1031 5395
945 5911
919 6079
925 6037
1161 4679
1007 5539
857 6513
943 5923
1154 4714
1180 4584
938 5953
928 6016
1153 4719
827 6723
1020 5461
945 5911
1008 5533
871 6415
1176 4604
1167 4649
1180 4584
942 5929
1018 5473
1094 5017
696 7732
1039 5347
1062 5209
879 6359
998 5593
930 6002
945 5911
939 5947
1248 4244
1063 5203
945 5911
935 5971
917 6093
944 5917
932 5989
1051 5275
