Moves | Time:
1007 5539
983 5683
979 5707
977 5719
971 5755
978 5713
904 6184
996 5605
867 6443
967 5779
1000 5581
965 5791
855 6527
989 5647
859 6499
962 5809
989 5647
859 6499
961 5815
989 5647
966 5785
962 5809
966 5785
962 5809
965 5791
855 6527
991 5635
859 6499
962 5809
992 5629
964 5797
856 6520
989 5647
966 5785
856 6520
992 5629
859 6499
963 5803
996 5605
966 5785
914 6114
991 5635
965 5791
962 5809
859 6499
1007 5539
990 5641
965 5791
856 6520
995 5611
965 5791
856 6520
989 5647
857 6513
962 5809
994 5617
965 5791
962 5809
859 6499
962 5809
989 5647
965 5791
963 5803
750 7300
962 5809
988 5653
858 6506
962 5809
983 5683
966 5785
855 6527
991 5635
968 5773
959 5827
909 6149
910 6142
991 5635
859 6499
962 5809
991 5635
971 5755
957 5839
858 6506
855 6527
980 5701
858 6506
640 8203
986 5665
859 6499
855 6527
990 5641
859 6499
962 5809
992 5629
966 5785
963 5803
965 5791
963 5803
963 5803
962 5809
